0.449853 1
0.449871 1
0.44989 1
0.450727 1
0.451564 1
0.452365 1
0.452383 1
0.452402 1
0.453239 1
0.454076 1
0.454877 1
0.454895 1
0.455733 1
0.455751 1
0.456588 1
0.457426 1
0.458227 1
0.458245 1
0.458263 1
0.4591 1
0.459938 1
0.460739 1
0.460757 1
0.460775 1
0.461612 1
0.46245 1
0.463251 1
0.463269 1
0.463287 1
0.464124 1
0.464962 1
0.465763 1
0.465781 1
0.465799 1
0.466636 1
0.467474 1
0.468275 1
0.468293 1
0.468311 1
0.469148 1
0.469986 1
0.470787 1
0.470805 1
0.470823 1
0.47166 1
0.472498 1
0.473299 1
0.473317 1
0.473335 1
0.474172 1
0.47501 1
0.475847 1
0.476648 1
0.476666 1
0.476684 1
0.479124 1
0.479142 1
0.47916 1
0.483238 1
0.484039 1
0.486478 1
0.487316 1
0.490538 1
0.491375 1
0.491394 1
0.495435 1
0.495453 1
0.498712 1
0.499549 1
0.50035 1
0.50279 1
0.503627 1
0.507669 1
0.507687 1
0.507705 1
0.508542 1
0.512584 1
0.512602 1
0.51262 1
0.516698 1
0.517499 1
0.519939 1
0.520776 1
0.522396 1
0.522414 1
0.523252 1
0.524872 1
0.52489 1
0.524908 1
0.524926 1
0.525764 1
0.526601 1
0.526619 1
0.526637 1
0.526655 1
0.526674 1
0.529113 1
0.529131 1
0.529149 1
0.529167 1
0.529186 1
0.529204 1
0.529222 1
0.530842 1
0.53086 1
0.530878 1
0.530897 1
0.532553 1
0.532571 1
0.532589 1
0.532607 1
0.532626 1
0.532644 1
0.533445 1
0.535119 1
0.535138 1
0.535156 1
0.535174 1
0.535192 1
0.535993 1
0.53683 1
0.536849 1
0.536867 1
0.537704 1
0.538541 1
0.540162 1
0.54018 1
0.540198 1
0.540216 1
0.541053 1
0.541854 1
0.541873 1
0.541891 1
0.541909 1
0.541927 1
0.541945 1
0.541963 1
0.544403 1
0.544421 1
0.544439 1
0.544457 1
0.544475 1
0.544493 1
0.544511 1
0.546951 1
0.546969 1
0.546987 1
0.549427 1
0.551866 1
0.557546 1
0.563226 1
0.564027 1
0.56643 1
0.56725 1
0.567268 1
0.571309 1
0.571327 1
0.571346 1
0.576971 1
0.576989 1
0.577007 1
0.577026 1
0.578628 1
0.581049 1
0.581067 1
0.581886 1
0.581905 1
0.583507 1
0.585964 1
0.585982 1
0.588386 1
0.590807 1
0.590825 1
0.590843 1
0.590861 1
0.595686 1
0.595704 1
0.597342 1
0.598143 1
0.598162 1
0.59818 1
0.5998 1
0.599818 1
0.599836 1
0.599854 1
0.600655 1
0.600674 1
0.600692 1
0.600746 1
0.600782 1
0.600801 1
0.600819 1
0.600837 1
0.601638 1
0.602475 1
0.602493 1
0.602511 1
0.60253 1
0.602548 1
0.602566 1
0.602584 1
0.602602 1
0.60262 1
0.603439 1
0.603458 1
0.603476 1
0.603494 1
0.603512 1
0.60353 1
0.604331 1
0.604349 1
0.604367 1
0.604404 1
0.604422 1
0.60444 1
0.604458 1
0.604476 1
0.605277 1
0.606097 1
0.606115 1
0.606133 1
0.606151 1
0.606169 1
0.606187 1
0.606205 1
0.606223 1
0.607862 1
0.60788 1
0.607898 1
0.610301 1
0.61995 1
0.619969 1
0.624775 1
0.805894 1
0.805912 1
0.806731 1
0.80755 1
0.808351 1
0.80837 1
0.809189 1
0.810008 1
0.810809 1
0.810827 1
0.811646 1
0.812466 1
0.813267 1
0.813285 1
0.814104 1
0.814923 1
0.815724 1
0.815742 1
0.816562 1
0.817381 1
0.818182 1
0.8182 1
0.822774 1
0.822792 1
0.823611 1
0.82443 1
0.825231 1
0.82525 1
0.826069 1
0.826888 1
0.827689 1
0.827707 1
0.828526 1
0.829346 1
0.830147 1
0.830165 1
0.830984 1
0.832604 1
0.832622 1
0.835062 1
0.83508 1
0.837519 1
0.837538 1
6.00192 1
6.08712 1
11.4295 1
11.5147 1
15.6222 1
15.6236 1
15.625 1
15.6272 1
15.6286 1
15.6299 1
15.6321 1
15.6335 1
15.6349 1
15.6371 1
15.6385 1
15.6399 1
15.6421 1
15.6434 1
15.6456 1
15.647 1
15.6484 1
15.6506 1
15.652 1
15.6534 1
15.6556 1
15.657 1
15.6592 1
15.6614 1
15.6619 1
15.6633 1
15.6641 1
15.6655 1
15.6677 1
15.6677 1
15.6696 1
15.6713 1
15.6718 1
15.674 1
15.6762 1
15.6768 1
15.6782 1
15.679 1
15.6804 1
15.6826 1
15.6826 1
15.6845 1
15.6862 1
15.6867 1
15.6889 1
15.6911 1
15.6917 1
15.6931 1
15.6939 1
15.6953 1
15.6967 1
15.6989 1
15.7002 1
15.7016 1
15.7024 1
15.7038 1
15.706 1
15.706 1
15.708 1
15.7099 1
15.7113 1
15.7127 1
15.7211 1
15.7359 1
15.7367 1
15.7414 1
15.7436 1
15.7436 1
15.745 1
15.7472 1
15.7505 1
15.7523 1
15.7547 1
15.7562 1
15.7581 1
15.7589 1
15.7599 1
15.7604 1
15.7626 1
15.7632 1
15.7648 1
15.7648 1
15.7668 1
15.7681 1
15.769 1
15.7698 1
15.7711 1
15.7712 1
15.7725 1
15.7747 1
15.7747 1
15.7761 1
15.7767 1
15.7775 1
15.7781 1
15.7797 1
15.7809 1
15.7847 1
17.435 1
17.4461 1
17.4526 1
17.4657 1
17.4788 1
17.4903 1
17.4984 1
17.5222 1
17.5269 1
17.5312 1
17.5361 1
17.5444 1
17.5451 1
17.552 1
17.5542 1
17.5542 1
17.555 1
17.5574 1
17.5659 1
17.5686 1
20.2156 1
20.22 1
20.2208 1
20.2238 1
20.2267 1
20.2311 1
20.2442 1
20.2524 1
20.2639 1
20.277 1
22.6303 1
22.9283 1
22.9331 1
22.937 1
22.9426 1
22.9432 1
22.9573 1
22.9581 1
22.9581 1
22.9601 1
22.9922 1
23.043 1
23.045 1
23.0562 1
23.0582 1
23.0723 1
23.0723 1
25.5154 1
25.5186 1
25.6104 1
25.6547 1
25.6576 1
25.6644 1
28.6931 1
28.7063 1
28.7175 1
28.7208 1
28.7214 1
28.7236 1
28.7236 1
28.7348 1
28.7462 1
28.7565 1
28.7676 1
28.7749 1
28.7929 1
28.8011 1
28.8142 1
28.8191 1
28.825 1
28.8348 1
28.8412 1
28.8461 1
28.8552 1
28.8569 1
28.865 1
32.1266 1
32.1285 1
32.1318 1
32.136 1
32.1394 1
32.1456 1
32.1489 1
32.1543 1
32.1584 1
32.1584 1
32.1604 1
32.1634 1
32.1677 1
32.171 1
32.1783 1
32.1825 1
32.1859 1
32.1915 1
32.1956 1
32.2008 1
32.2063 1
32.2103 1
32.2176 1
32.2224 1
34.1664 1
34.1672 1
34.1678 1
34.2109 1
34.2338 1
34.2674 1
34.31 1
34.3108 1
34.3114 1
38.2508 1
38.2522 1
38.2538 1
38.2557 1
38.2563 1
38.2591 1
38.2605 1
38.2616 1
38.2638 1
38.2638 1
38.2657 1
38.2688 1
38.2732 1
38.2765 1
38.2836 1
38.2879 1
38.2912 1
38.2985 1
38.3027 1
38.3061 1
38.3117 1
38.3158 1
38.321 1
38.3265 1
38.3305 1
38.3359 1
38.3414 1
38.3447 1
38.3502 1
38.3502 1
38.3535 1
38.3577 1
38.3577 1
38.365 1
38.3674 1
38.3766 1
38.3799 1
38.3822 1
38.3908 1
38.3913 1
38.3928 1
40.3298 1
40.3369 1
43.1066 1
43.108 1
43.1088 1
43.1102 1
46.9914 1
46.9914 1
46.9934 1
46.9948 1
46.9964 1
46.9983 1
46.9997 1
47.0017 1
47.003 1
47.0039 1
47.006 1
47.0115 1
47.0158 1
47.0191 1
47.0262 1
47.0306 1
47.0338 1
47.0411 1
47.0453 1
47.0482 1
47.0543 1
47.0576 1
47.063 1
47.0691 1
47.0724 1
47.0779 1
47.084 1
47.0873 1
47.0928 1
47.095 1
47.095 1
47.0964 1
47.0986 1
47.1018 1
47.1035 1
47.1089 1
47.1158 1
47.1183 1
47.1238 1
47.1305 1
47.1334 1
47.1347 1
51.4435 1
51.4647 1
51.4688 1
51.4704 1
51.471 1
51.4778 1
51.5041 1
51.5098 1
51.5262 1
51.5721 1
51.5934 1
51.6117 1
51.6122 1
55.387 1
55.3902 1
55.3903 1
55.3922 1
55.3944 1
55.3976 1
55.4049 1
55.4091 1
55.4119 1
55.4144 1
55.4214 1
55.4214 1
55.4274 1
55.4345 1
55.4345 1
55.4388 1
55.4451 1
55.4478 1
55.4542 1
55.4673 1
55.4778 1
55.4847 1
55.4888 1
55.4909 1
55.509 1
55.5133 1
55.5205 1
